Window size 64
100,-3.3775104388287667
200,-3.7072793400991793
400,-2.9942645333117035
800,-3.519469084619567
1600,-3.2979217530126332
3200,-3.310327192833543
Window size 128
100,-2.6825845118762306
200,-3.4469701247324984
400,-3.45711163329627
800,-3.7496151030441496
1600,-3.112979013059163
3200,-3.3884623879467464
Window size 256
100,-3.8635109166151076
200,-4.5702154372039985
400,-3.914672721200184
800,-5.477628245726462
1600,-4.632027400529687
3200,-5.774147650323921
Window size 512
100,-3.9209295439462117
200,-3.9751826079001646
400,-4.333116833823988
800,-4.885610469085251
1600,-4.277868180745339
3200,-3.928409593985366
Window size 1024
100,-4.111973481223292
200,-4.599458749387286
400,-4.03288929714903
800,-3.46331412916348
1600,-3.636582935058855
3200,-3.6093153786634478
Window size 2048
100,-2.6540969618456027
200,-3.1037543102320155
400,-3.8849176015446982
800,-3.4950005071204866
1600,-3.4766359478034663
3200,-3.4360782048665643
