Window size 300
100,-3.6011915023976435
200,-3.6137745098680916
300,-4.779381548564517
400,-3.843825540459428
500,-3.442138151092872
600,-3.741422156562398
Window size 450
100,-3.8032668051799816
200,-4.040864496490525
300,-4.316422914973501
400,-3.5059833706268053
500,-3.4430812909949817
600,-3.4424218374004862
Window size 600
100,-3.4803765279574996
200,-2.755408199346387
300,-3.311734409558342
400,-4.343040157222773
500,-3.2019212067357707
600,-3.895362721681255
Window size 1000
100,-4.284314031298482
200,-4.140806931356291
300,-3.887412237543005
400,-3.6652592988723605
500,-3.7774921733559816
600,-3.9168016847106273
Window size 2000
100,-3.885213195859875
200,-4.251108736754227
300,-3.847876669508428
400,-4.67349427702693
500,-3.7411882305784547
600,-3.7443736309945477
Window size 5000
100,-3.0776541804293416
200,-3.5771684807503825
300,-3.708851686074204
400,-4.173696231965336
500,-5.04538710884167
600,-3.696806762897579
