Window size 64
100,-3.4452939050034788
200,-3.7289271119227907
400,-4.303868861179546
800,-3.7376760001212115
1600,-4.023525043793293
3200,-4.731826458980144
Window size 128
100,-3.5538433390320026
200,-4.017189683171561
400,-4.238468489420742
800,-4.82614261526557
1600,-4.847093006966588
3200,-5.44287280746737
Window size 256
100,-3.3669424797872787
200,-4.143223008848276
400,-4.535627857586415
800,-4.770459781945207
1600,-5.141389451433057
3200,-5.4940266442889945
Window size 512
100,-3.602739887887505
200,-3.854308223879374
400,-4.0084300515510884
800,-4.771843337543291
1600,-4.941018028077544
3200,-5.351708240238764
Window size 1024
100,-3.4158954915731754
200,-4.03905113714255
400,-4.182730430857336
800,-4.774935928372774
1600,-5.139509878488465
3200,-5.459009382112637
Window size 2048
100,-3.7167374204361927
200,-4.18421415860784
400,-4.079453494348668
800,-4.8685880740309235
1600,-5.164125227221409
3200,-5.603741398499249
